
# ------------------------------------------------------------------------------
# -           A7510 MGW SYSTEM MONITOR TRACE GNUPLOT DATA FILE (.DAT)          -
# ------------------------------------------------------------------------------
# - This file was generated by A7510 MGW SYSTEM MONITOR. To display trace data,-
# - please transfer this file together with GNUPLOT SCRIPT FILE (.SCR) to HOST -
# - PC via TFTP and enter: > gnuplot FILENAME.SCR                              -
# ------------------------------------------------------------------------------
# TRACE DETAILS:
#
# Title:       h248_t
# Filename:    h248_t.dat
# Sample Rate: 1 sec
#
# Start:       10/09/2019 13:54:15
# End:         -
#
# Value 1:     ADD COMMANDS PER SEC ON vMG1
# Value 2:     ACCEPT CONTEXT ATTEMPTS PER SEC ON vMG1
# Value 3:     REJECT CONTEXT ATTEMPTS PER SEC ON vMG1
#
# ------------------------------------------------------------------------------
# SYSTEM DETAILS:
#
# SCM (11) Image Version: 7510.C202.B00.S0. scm 07Oct19 16:42:53
# Built by tdziadon(tdziadon) in view A7510_S202_A_Dev_MGW_TUNE(db182ea.null)
# ------------------------------------------------------------------------------
0 0 0
0 0 0
0 0 0
0 0 0
0 0 0
0 0 0
0 0 0
0 0 0
0 0 0
0 0 0
0 0 0
0 0 0
0 0 0
0 0 0
0 0 0
0 0 0
0 0 0
0 0 0
0 0 0
0 0 0
0 0 0
0 0 0
0 0 0
0 0 0
0 0 0
0 0 0
0 0 0
0 0 0
1 0 0
4 2 0
8 4 0
11 5 0
13 6 0
16 8 0
19 9 0
21 10 0
23 11 0
26 13 0
28 14 0
30 15 0
32 16 0
33 16 0
35 17 0
37 18 0
38 19 0
40 20 0
41 20 0
43 21 0
44 22 0
45 22 0
47 23 0
48 24 0
49 24 0
50 25 0
51 25 0
52 26 0
53 26 0
54 27 0
55 27 0
56 28 0
# TIMESTAMP: 10/09/2019 13:55:16
57 28 0
58 29 0
59 29 0
59 29 0
60 30 0
61 30 0
62 31 0
62 31 0
63 31 0
64 32 0
65 32 0
65 32 0
66 33 0
66 33 0
67 33 0
68 34 0
68 34 0
69 34 0
69 34 0
70 35 0
70 35 0
71 35 0
71 35 0
72 36 0
72 36 0
73 36 0
73 36 0
74 37 0
74 37 0
75 37 0
75 37 0
75 37 0
76 38 0
76 38 0
77 38 0
77 38 0
77 38 0
78 39 0
78 39 0
78 39 0
79 39 0
79 39 0
79 39 0
80 40 0
80 40 0
80 40 0
81 40 0
81 40 0
81 40 0
81 40 0
82 41 0
82 41 0
82 41 0
83 41 0
83 41 0
83 41 0
83 41 0
84 42 0
84 42 0
84 42 0
# TIMESTAMP: 10/09/2019 13:56:16
84 42 0
85 42 0
85 42 0
85 42 0
85 42 0
86 43 0
86 43 0
86 43 0
86 43 0
86 43 0
87 43 0
87 43 0
87 43 0
87 43 0
87 43 0
88 44 0
88 44 0
88 44 0
88 44 0
88 44 0
88 44 0
89 44 0
89 44 0
89 44 0
89 44 0
89 44 0
89 44 0
90 45 0
90 45 0
90 45 0
90 45 0
90 45 0
90 45 0
91 45 0
91 45 0
91 45 0
91 45 0
91 45 0
91 45 0
91 45 0
92 46 0
92 46 0
92 46 0
92 46 0
92 46 0
92 46 0
92 46 0
92 46 0
93 46 0
93 46 0
93 46 0
93 46 0
93 46 0
93 46 0
93 46 0
93 46 0
93 46 0
94 47 0
94 47 0
94 47 0
# TIMESTAMP: 10/09/2019 13:57:16
94 47 0
94 47 0
94 47 0
94 47 0
94 47 0
94 47 0
95 47 0
95 47 0
95 47 0
95 47 0
95 47 0
95 47 0
95 47 0
95 47 0
95 47 0
95 47 0
96 48 0
96 48 0
96 48 0
96 48 0
96 48 0
96 48 0
96 48 0
96 48 0
96 48 0
95 47 0
95 47 0
94 47 0
94 47 0
93 46 0
93 46 0
93 46 0
92 46 0
92 46 0
91 45 0
91 45 0
90 45 0
90 45 0
90 45 0
89 44 0
89 44 0
88 44 0
88 44 0
88 44 0
87 43 0
87 43 0
86 43 0
86 43 0
86 43 0
85 42 0
85 42 0
85 42 0
84 42 0
84 42 0
84 42 0
83 41 0
83 41 0
83 41 0
82 41 0
82 41 0
# TIMESTAMP: 10/09/2019 13:58:16
81 40 0
81 40 0
81 40 0
80 40 0
80 40 0
80 40 0
80 40 0
79 39 0
79 39 0
79 39 0
78 39 0
78 39 0
78 39 0
77 38 0
77 38 0
77 38 0
76 38 0
76 38 0
76 38 0
76 38 0
75 37 0
75 37 0
75 37 0
74 37 0
74 37 0
74 37 0
74 37 0
73 36 0
73 36 0
73 36 0
73 36 0
72 36 0
72 36 0
72 36 0
71 35 0
71 35 0
71 35 0
71 35 0
70 35 0
70 35 0
70 35 0
70 35 0
69 34 0
69 34 0
69 34 0
69 34 0
68 34 0
68 34 0
68 34 0
68 34 0
68 34 0
67 33 0
67 33 0
67 33 0
67 33 0
66 33 0
66 33 0
66 33 0
66 33 0
66 33 0
# TIMESTAMP: 10/09/2019 13:59:16
65 32 0
65 32 0
65 32 0
65 32 0
64 32 0
64 32 0
64 32 0
64 32 0
64 32 0
63 31 0
63 31 0
63 31 0
63 31 0
63 31 0
62 31 0
62 31 0
62 31 0
62 31 0
62 31 0
61 30 0
61 30 0
61 30 0
61 30 0
61 30 0
60 30 0
60 30 0
60 30 0
60 30 0
60 30 0
60 30 0
59 29 0
59 29 0
59 29 0
59 29 0
59 29 0
59 29 0
58 29 0
58 29 0
58 29 0
58 29 0
58 29 0
57 28 0
57 28 0
57 28 0
0 0 0
0 0 0
0 0 0
0 0 0
0 0 0
0 0 0
0 0 0
0 0 0
0 0 0
0 0 0
0 0 0
0 0 0
0 0 0
0 0 0
0 0 0
0 0 0
# TIMESTAMP: 10/09/2019 14:00:16
0 0 0
0 0 0
0 0 0
0 0 0
0 0 0
0 0 0
0 0 0
0 0 0
0 0 0
0 0 0
0 0 0
0 0 0
0 0 0
0 0 0
0 0 0
0 0 0
0 0 0
0 0 0
0 0 0
0 0 0
0 0 0
0 0 0
0 0 0
0 0 0
0 0 0
0 0 0
0 0 0
0 0 0
0 0 0
0 0 0
0 0 0
0 0 0
0 0 0
0 0 0
0 0 0
0 0 0
0 0 0
0 0 0
0 0 0
0 0 0
0 0 0
0 0 0
0 0 0
0 0 0
0 0 0
0 0 0
0 0 0
0 0 0
0 0 0
0 0 0
0 0 0
0 0 0
0 0 0
0 0 0
0 0 0
0 0 0
0 0 0
0 0 0
0 0 0
0 0 0
# TIMESTAMP: 10/09/2019 14:01:16
0 0 0
0 0 0
0 0 0
0 0 0
0 0 0
0 0 0
0 0 0
0 0 0
0 0 0
0 0 0
0 0 0
0 0 0
0 0 0
0 0 0
0 0 0
0 0 0
0 0 0
0 0 0
0 0 0
0 0 0
0 0 0
0 0 0
0 0 0
0 0 0
0 0 0
0 0 0
0 0 0
0 0 0
0 0 0
0 0 0
0 0 0
0 0 0
0 0 0
0 0 0
0 0 0
0 0 0
0 0 0
0 0 0
0 0 0
0 0 0
0 0 0
0 0 0
0 0 0
0 0 0
0 0 0
0 0 0
0 0 0
0 0 0
0 0 0
0 0 0
0 0 0
0 0 0
0 0 0
0 0 0
0 0 0
0 0 0
0 0 0
0 0 0
0 0 0
0 0 0
# TIMESTAMP: 10/09/2019 14:02:16
0 0 0
0 0 0
0 0 0
0 0 0
0 0 0
0 0 0
0 0 0
0 0 0
0 0 0
0 0 0
0 0 0
0 0 0
0 0 0
0 0 0
0 0 0
0 0 0
0 0 0
0 0 0
0 0 0
0 0 0
0 0 0
0 0 0
0 0 0
0 0 0
0 0 0
0 0 0
0 0 0
0 0 0
0 0 0
0 0 0
0 0 0
0 0 0
0 0 0
0 0 0
0 0 0
0 0 0
0 0 0
0 0 0
0 0 0
0 0 0
0 0 0
0 0 0
0 0 0
0 0 0
0 0 0
0 0 0
0 0 0
0 0 0
0 0 0
0 0 0
0 0 0
0 0 0
0 0 0
0 0 0
0 0 0
0 0 0
0 0 0
0 0 0
0 0 0
0 0 0
# TIMESTAMP: 10/09/2019 14:03:16
0 0 0
0 0 0
0 0 0
0 0 0
0 0 0
0 0 0
0 0 0
0 0 0
0 0 0
0 0 0
0 0 0
0 0 0
0 0 0
0 0 0
0 0 0
0 0 0
0 0 0
0 0 0
0 0 0
0 0 0
0 0 0
0 0 0
0 0 0
0 0 0
0 0 0
0 0 0
0 0 0
0 0 0
0 0 0
0 0 0
0 0 0
0 0 0
0 0 0
0 0 0
0 0 0
0 0 0
0 0 0
0 0 0
0 0 0
0 0 0
0 0 0
0 0 0
0 0 0
0 0 0
0 0 0
0 0 0
0 0 0
0 0 0
0 0 0
0 0 0
0 0 0
0 0 0
0 0 0
0 0 0
0 0 0
0 0 0
0 0 0
0 0 0
0 0 0
0 0 0
# TIMESTAMP: 10/09/2019 14:04:16
0 0 0
0 0 0
0 0 0
0 0 0
0 0 0
0 0 0
0 0 0
0 0 0
0 0 0
0 0 0
0 0 0
0 0 0
0 0 0
0 0 0
0 0 0
0 0 0
0 0 0
0 0 0
0 0 0
0 0 0
0 0 0
0 0 0
0 0 0
0 0 0
0 0 0
0 0 0
0 0 0
0 0 0
0 0 0
0 0 0
0 0 0
0 0 0
0 0 0
0 0 0
0 0 0
0 0 0
0 0 0
0 0 0
0 0 0
0 0 0
0 0 0
0 0 0
0 0 0
0 0 0
0 0 0
0 0 0
0 0 0
0 0 0
0 0 0
0 0 0
0 0 0
0 0 0
0 0 0
0 0 0
0 0 0
0 0 0
0 0 0
0 0 0
0 0 0
0 0 0
# TIMESTAMP: 10/09/2019 14:05:16
0 0 0
0 0 0
0 0 0
0 0 0
0 0 0
0 0 0
0 0 0
0 0 0
0 0 0
0 0 0
0 0 0
0 0 0
0 0 0
0 0 0
0 0 0
0 0 0
0 0 0
0 0 0
0 0 0
0 0 0
0 0 0
0 0 0
0 0 0
0 0 0
0 0 0
0 0 0
0 0 0
0 0 0
0 0 0
0 0 0
0 0 0
0 0 0
0 0 0
0 0 0
0 0 0
0 0 0
0 0 0
0 0 0
0 0 0
0 0 0
0 0 0
0 0 0
0 0 0
0 0 0
0 0 0
0 0 0
0 0 0
0 0 0
0 0 0
0 0 0
0 0 0
0 0 0
0 0 0
0 0 0
0 0 0
0 0 0
0 0 0
0 0 0
0 0 0
0 0 0
# TIMESTAMP: 10/09/2019 14:06:16
0 0 0
0 0 0
0 0 0
0 0 0
0 0 0
0 0 0
0 0 0
0 0 0
0 0 0
0 0 0
0 0 0
0 0 0
0 0 0
0 0 0
0 0 0
0 0 0
0 0 0
0 0 0
0 0 0
0 0 0
0 0 0
0 0 0
0 0 0
0 0 0
0 0 0
0 0 0
0 0 0
0 0 0
0 0 0
0 0 0
0 0 0
# TIMESTAMP: 10/09/2019 14:06:47
